0 1 1 4 5 5 5 5 9 10 11 14 14 16 19 19 20 23 23 23 25 25 23 23 23 23 23 23 23 23 23 25 26 28 29 29 29 29 29 29 29 29 29 29 30 32 35 37 37 37 40 44 42 47 49 49 52 52 55 56 55 58 58 58 58 58 58 60 61 61 
0 4 3 6 7 7 8 9 9 10 9 10 11 11 11 11 11 11 12 13 14 16 17 19 21 21 21 23 24 27 29 29 30 32 32 36 37 38 40 42 42 48 50 52 53 53 52 55 55 54 54 55 54 55 55 55 55 55 55 55 55 55 57 55 57 60 63 64 64 64 
0 1 1 4 5 5 5 5 9 10 11 14 14 16 19 19 20 23 23 23 25 25 23 23 23 23 23 23 23 23 23 25 26 28 29 29 29 29 29 29 29 29 29 29 30 32 35 37 37 37 40 44 42 47 49 49 52 52 55 56 55 58 58 59 59 59 59 59 61 
0 4 3 6 7 7 8 9 9 10 9 10 11 11 11 11 11 11 12 13 14 16 17 19 21 21 21 23 24 27 29 29 30 32 32 36 37 38 40 42 42 48 50 52 53 53 52 55 55 54 54 55 54 55 55 55 55 55 55 55 55 55 57 57 59 59 59 63 64 
0 1 1 4 5 5 5 5 9 10 11 14 14 16 19 19 20 23 23 23 25 25 23 23 23 23 23 23 23 23 23 25 26 28 29 29 29 29 29 29 29 29 29 29 30 32 35 37 37 37 40 44 42 47 49 49 52 52 55 56 55 58 58 58 58 58 58 60 61 62 
0 4 3 6 7 7 8 9 9 10 9 10 11 11 11 11 11 11 12 13 14 16 17 19 21 21 21 23 24 27 29 29 30 32 32 36 37 38 40 42 42 48 50 52 53 53 52 55 55 54 54 55 54 55 55 55 55 55 55 55 55 55 57 55 57 60 63 64 64 64 
0 1 1 4 5 5 5 5 9 10 11 14 14 16 19 19 20 23 23 23 25 25 23 23 23 23 23 23 23 23 23 25 26 28 29 29 29 29 29 29 29 29 29 29 30 32 35 37 37 37 40 44 42 47 49 49 52 52 55 56 55 58 58 58 58 58 58 60 61 61 61 
0 4 3 6 7 7 8 9 9 10 9 10 11 11 11 11 11 11 12 13 14 16 17 19 21 21 21 23 24 27 29 29 30 32 32 36 37 38 40 42 42 48 50 52 53 53 52 55 55 54 54 55 54 55 55 55 55 55 55 55 55 55 57 55 57 60 63 64 64 64 64 
0 1 1 4 5 5 5 5 9 10 11 14 14 16 19 19 20 23 23 23 25 25 23 23 23 23 23 23 23 23 23 25 26 28 29 29 29 29 29 29 29 29 29 29 30 32 35 37 37 37 40 44 42 47 49 49 52 52 55 56 55 58 58 58 58 58 58 60 62 
0 4 3 6 7 7 8 9 9 10 9 10 11 11 11 11 11 11 12 13 14 16 17 19 21 21 21 23 24 27 29 29 30 32 32 36 37 38 40 42 42 48 50 52 53 53 52 55 55 54 54 55 54 55 55 55 55 55 55 55 55 55 57 55 57 60 63 64 64 
0 1 1 4 5 5 5 5 9 10 11 14 14 16 19 19 20 23 23 23 25 25 23 23 23 23 23 23 23 23 23 25 26 28 29 29 29 29 29 29 29 29 29 29 30 32 35 37 37 37 40 44 42 47 49 49 52 52 55 56 55 58 58 58 58 58 58 60 62 64 
0 4 3 6 7 7 8 9 9 10 9 10 11 11 11 11 11 11 12 13 14 16 17 19 21 21 21 23 24 27 29 29 30 32 32 36 37 38 40 42 42 48 50 52 53 53 52 55 55 54 54 55 54 55 55 55 55 55 55 55 55 55 57 55 57 60 63 64 63 63 
0 1 1 4 5 5 5 5 9 10 11 14 14 16 19 19 20 23 23 23 25 25 23 23 23 23 23 23 23 23 23 25 26 28 29 29 29 29 29 29 29 29 29 29 30 32 35 37 37 37 40 44 42 47 49 49 52 52 55 56 55 58 58 58 58 58 58 60 61 61 61 63 
0 4 3 6 7 7 8 9 9 10 9 10 11 11 11 11 11 11 12 13 14 16 17 19 21 21 21 23 24 27 29 29 30 32 32 36 37 38 40 42 42 48 50 52 53 53 52 55 55 54 54 55 54 55 55 55 55 55 55 55 55 55 57 55 57 60 63 64 64 64 64 64 
0 1 1 4 5 5 5 5 9 10 11 14 14 16 19 19 20 23 23 23 25 25 23 23 23 23 23 23 23 23 23 25 26 28 29 29 29 29 29 29 29 29 29 29 30 32 35 37 37 37 40 44 42 47 49 49 52 52 55 56 55 58 58 58 58 58 58 60 62 62 
0 4 3 6 7 7 8 9 9 10 9 10 11 11 11 11 11 11 12 13 14 16 17 19 21 21 21 23 24 27 29 29 30 32 32 36 37 38 40 42 42 48 50 52 53 53 52 55 55 54 54 55 54 55 55 55 55 55 55 55 55 55 57 55 57 60 63 64 63 64 
0 1 1 4 5 5 5 5 9 10 11 14 14 16 19 19 20 23 23 23 25 25 23 23 23 23 23 23 23 23 23 25 26 28 29 29 29 29 29 29 29 29 29 29 30 32 35 37 37 37 40 44 42 47 49 49 52 52 55 56 55 58 58 58 58 58 58 60 61 63 
0 4 3 6 7 7 8 9 9 10 9 10 11 11 11 11 11 11 12 13 14 16 17 19 21 21 21 23 24 27 29 29 30 32 32 36 37 38 40 42 42 48 50 52 53 53 52 55 55 54 54 55 54 55 55 55 55 55 55 55 55 55 57 55 57 60 63 64 64 64 
0 1 1 4 5 5 5 5 9 10 11 14 14 16 19 19 20 23 23 23 25 25 23 23 23 23 23 23 23 23 23 25 26 28 29 29 29 29 29 29 29 29 29 29 30 32 35 37 37 37 40 44 42 47 49 49 52 52 55 56 55 58 58 58 58 58 58 60 61 62 64 
0 4 3 6 7 7 8 9 9 10 9 10 11 11 11 11 11 11 12 13 14 16 17 19 21 21 21 23 24 27 29 29 30 32 32 36 37 38 40 42 42 48 50 52 53 53 52 55 55 54 54 55 54 55 55 55 55 55 55 55 55 55 57 55 57 60 63 64 64 64 64 
