0 3 5 5 5 5 8 13 16 19 22 22 26 28 32 37 41 43 44 45 47 47 47 50 51 50 49 49 54 55 58 59 59 59 59 59 
0 3 4 8 8 9 10 11 11 11 11 13 16 17 17 17 18 19 22 24 28 32 34 36 41 44 46 50 52 55 55 57 59 60 60 60 
0 3 5 5 5 5 8 13 16 19 22 22 26 28 32 37 41 43 44 45 47 47 47 50 51 50 49 49 54 55 58 59 59 59 
0 3 4 8 8 9 10 11 11 11 11 13 16 17 17 17 18 19 22 24 28 32 34 36 41 44 46 50 52 55 55 58 60 60 
0 3 5 5 5 5 8 13 16 19 22 22 26 28 32 37 41 43 44 45 47 47 47 50 51 50 49 49 54 55 58 59 59 59 62 62 
0 3 4 8 8 9 10 11 11 11 11 13 16 17 17 17 18 19 22 24 28 32 34 36 41 44 46 50 52 55 55 57 59 61 64 64 
0 3 5 5 5 5 8 13 16 19 22 22 26 28 32 37 41 43 44 45 47 47 47 50 51 50 49 49 54 55 58 59 59 59 59 59 59 
0 3 4 8 8 9 10 11 11 11 11 13 16 17 17 17 18 19 22 24 28 32 34 36 41 44 46 50 52 55 55 57 59 60 60 60 60 
0 3 5 5 5 5 8 13 16 19 22 22 26 28 32 37 41 43 44 45 47 47 47 50 51 50 49 49 54 55 58 59 59 59 62 63 
0 3 4 8 8 9 10 11 11 11 11 13 16 17 17 17 18 19 22 24 28 32 34 36 41 44 46 50 52 55 55 57 59 61 64 64 
0 3 5 5 5 5 8 13 16 19 22 22 26 28 32 37 41 43 44 45 47 47 47 50 51 50 49 49 54 55 58 59 59 59 62 63 
0 3 4 8 8 9 10 11 11 11 11 13 16 17 17 17 18 19 22 24 28 32 34 36 41 44 46 50 52 55 55 57 59 61 64 64 
0 3 5 5 5 5 8 13 16 19 22 22 26 28 32 37 41 43 44 45 47 47 47 50 51 50 49 49 54 55 58 59 59 59 
0 3 4 8 8 9 10 11 11 11 11 13 16 17 17 17 18 19 22 24 28 32 34 36 41 44 46 50 52 55 55 57 59 61 
0 3 5 5 5 5 8 13 16 19 22 22 26 28 32 37 41 43 44 45 47 47 47 50 51 50 49 49 54 55 58 59 59 59 62 62 64 
0 3 4 8 8 9 10 11 11 11 11 13 16 17 17 17 18 19 22 24 28 32 34 36 41 44 46 50 52 55 55 57 59 61 64 64 64 
0 3 5 5 5 5 8 13 16 19 22 22 26 28 32 37 41 43 44 45 47 47 47 50 51 50 49 49 54 55 58 59 59 59 62 
0 3 4 8 8 9 10 11 11 11 11 13 16 17 17 17 18 19 22 24 28 32 34 36 41 44 46 50 52 55 55 57 59 61 64 
0 3 5 5 5 5 8 13 16 19 22 22 26 28 32 37 41 43 44 45 47 47 47 50 51 50 49 49 54 55 58 59 59 59 62 
0 3 4 8 8 9 10 11 11 11 11 13 16 17 17 17 18 19 22 24 28 32 34 36 41 44 46 50 52 55 55 57 59 61 64 
