0 3 5 9 9 9 9 9 13 16 21 22 23 23 23 23 23 26 33 35 38 41 41 43 48 51 51 51 51 51 50 51 52 52 57 58 58 59 59 
0 6 9 11 12 14 15 19 20 23 23 23 23 23 25 26 29 30 31 31 33 34 35 35 35 37 39 40 40 42 47 51 53 54 54 55 55 58 61 
0 3 5 9 9 9 9 9 13 16 21 22 23 23 23 23 23 26 33 35 38 41 41 43 48 51 51 51 51 51 50 51 52 52 57 58 58 59 59 
0 6 9 11 12 14 15 19 20 23 23 23 23 23 25 26 29 30 31 31 33 34 35 35 35 37 39 40 40 42 47 51 53 54 54 55 55 59 60 
0 3 5 9 9 9 9 9 13 16 21 22 23 23 23 23 23 26 33 35 38 41 41 43 48 51 51 51 51 51 50 51 52 52 57 58 58 59 
0 6 9 11 12 14 15 19 20 23 23 23 23 23 25 26 29 30 31 31 33 34 35 35 35 37 39 40 40 42 47 51 53 54 54 55 55 59 
0 3 5 9 9 9 9 9 13 16 21 22 23 23 23 23 23 26 33 35 38 41 41 43 48 51 51 51 51 51 50 51 52 52 57 58 59 58 59 64 
0 6 9 11 12 14 15 19 20 23 23 23 23 23 25 26 29 30 31 31 33 34 35 35 35 37 39 40 40 42 47 51 53 54 54 55 57 61 64 64 
0 3 5 9 9 9 9 9 13 16 21 22 23 23 23 23 23 26 33 35 38 41 41 43 48 51 51 51 51 51 50 51 52 52 57 58 58 59 59 61 62 62 
0 6 9 11 12 14 15 19 20 23 23 23 23 23 25 26 29 30 31 31 33 34 35 35 35 37 39 40 40 42 47 51 53 54 54 55 55 58 61 62 62 64 
0 3 5 9 9 9 9 9 13 16 21 22 23 23 23 23 23 26 33 35 38 41 41 43 48 51 51 51 51 51 50 51 52 52 57 58 58 59 59 61 
0 6 9 11 12 14 15 19 20 23 23 23 23 23 25 26 29 30 31 31 33 34 35 35 35 37 39 40 40 42 47 51 53 54 54 55 55 58 61 62 
0 3 5 9 9 9 9 9 13 16 21 22 23 23 23 23 23 26 33 35 38 41 41 43 48 51 51 51 51 51 50 51 52 52 57 58 58 59 59 61 63 
0 6 9 11 12 14 15 19 20 23 23 23 23 23 25 26 29 30 31 31 33 34 35 35 35 37 39 40 40 42 47 51 53 54 54 55 55 58 61 62 63 
0 3 5 9 9 9 9 9 13 16 21 22 23 23 23 23 23 26 33 35 38 41 41 43 48 51 51 51 51 51 50 51 52 52 57 58 59 58 59 
0 6 9 11 12 14 15 19 20 23 23 23 23 23 25 26 29 30 31 31 33 34 35 35 35 37 39 40 40 42 47 51 53 54 54 55 57 61 64 
0 3 5 9 9 9 9 9 13 16 21 22 23 23 23 23 23 26 33 35 38 41 41 43 48 51 51 51 51 51 50 51 52 52 57 58 58 59 59 61 62 
0 6 9 11 12 14 15 19 20 23 23 23 23 23 25 26 29 30 31 31 33 34 35 35 35 37 39 40 40 42 47 51 53 54 54 55 55 58 61 62 62 
0 3 5 9 9 9 9 9 13 16 21 22 23 23 23 23 23 26 33 35 38 41 41 43 48 51 51 51 51 51 50 51 52 52 57 58 59 58 59 64 
0 6 9 11 12 14 15 19 20 23 23 23 23 23 25 26 29 30 31 31 33 34 35 35 35 37 39 40 40 42 47 51 53 54 54 55 57 61 64 63 
