0 1 1 2 4 4 4 5 6 7 6 8 8 8 8 8 9 11 13 15 17 20 19 20 22 22 23 23 23 23 23 23 24 26 31 32 34 37 39 41 43 44 46 48 48 49 49 49 50 51 51 51 51 51 52 53 56 56 57 58 58 59 58 
0 0 1 3 4 8 8 9 10 10 13 15 16 18 20 20 21 21 23 23 23 23 23 23 23 23 23 24 25 26 27 29 29 30 30 31 31 31 34 34 33 33 35 34 36 36 38 39 41 43 45 45 48 49 51 52 53 54 54 59 60 61 63 
0 1 1 2 4 4 4 5 6 7 6 8 8 8 8 8 9 11 13 15 17 20 19 20 22 22 23 23 23 23 23 23 24 26 31 32 34 37 39 41 43 44 46 48 48 49 49 49 50 51 51 51 51 51 52 53 56 56 57 58 59 59 
0 0 1 3 4 8 8 9 10 10 13 15 16 18 20 20 21 21 23 23 23 23 23 23 23 23 23 24 25 26 27 29 29 30 30 31 31 31 34 34 33 33 35 34 36 36 38 39 41 43 45 45 48 49 51 52 53 54 54 59 60 60 
0 1 1 2 4 4 4 5 6 7 6 8 8 8 8 8 9 11 13 15 17 20 19 20 22 22 23 23 23 23 23 23 24 26 31 32 34 37 39 41 43 44 46 48 48 49 49 49 50 51 51 51 51 51 52 53 56 56 57 58 58 59 
0 0 1 3 4 8 8 9 10 10 13 15 16 18 20 20 21 21 23 23 23 23 23 23 23 23 23 24 25 26 27 29 29 30 30 31 31 31 34 34 33 33 35 34 36 36 38 39 41 43 45 45 48 49 51 52 53 54 54 59 60 60 
0 1 1 2 4 4 4 5 6 7 6 8 8 8 8 8 9 11 13 15 17 20 19 20 22 22 23 23 23 23 23 23 24 26 31 32 34 37 39 41 43 44 46 48 48 49 49 49 50 51 51 51 51 51 52 53 56 56 57 58 58 59 61 62 
0 0 1 3 4 8 8 9 10 10 13 15 16 18 20 20 21 21 23 23 23 23 23 23 23 23 23 24 25 26 27 29 29 30 30 31 31 31 34 34 33 33 35 34 36 36 38 39 41 43 45 45 48 49 51 52 53 54 54 59 60 61 62 62 
0 1 1 2 4 4 4 5 6 7 6 8 8 8 8 8 9 11 13 15 17 20 19 20 22 22 23 23 23 23 23 23 24 26 31 32 34 37 39 41 43 44 46 48 48 49 49 49 50 51 51 51 51 51 52 53 56 56 57 58 59 
0 0 1 3 4 8 8 9 10 10 13 15 16 18 20 20 21 21 23 23 23 23 23 23 23 23 23 24 25 26 27 29 29 30 30 31 31 31 34 34 33 33 35 34 36 36 38 39 41 43 45 45 48 49 51 52 53 54 54 59 60 
0 1 1 2 4 4 4 5 6 7 6 8 8 8 8 8 9 11 13 15 17 20 19 20 22 22 23 23 23 23 23 23 24 26 31 32 34 37 39 41 43 44 46 48 48 49 49 49 50 51 51 51 51 51 52 53 56 56 57 58 58 59 58 59 
0 0 1 3 4 8 8 9 10 10 13 15 16 18 20 20 21 21 23 23 23 23 23 23 23 23 23 24 25 26 27 29 29 30 30 31 31 31 34 34 33 33 35 34 36 36 38 39 41 43 45 45 48 49 51 52 53 54 54 59 60 61 63 64 
0 1 1 2 4 4 4 5 6 7 6 8 8 8 8 8 9 11 13 15 17 20 19 20 22 22 23 23 23 23 23 23 24 26 31 32 34 37 39 41 43 44 46 48 48 49 49 49 50 51 51 51 51 51 52 53 56 56 57 58 58 59 
0 0 1 3 4 8 8 9 10 10 13 15 16 18 20 20 21 21 23 23 23 23 23 23 23 23 23 24 25 26 27 29 29 30 30 31 31 31 34 34 33 33 35 34 36 36 38 39 41 43 45 45 48 49 51 52 53 54 54 59 60 61 
0 1 1 2 4 4 4 5 6 7 6 8 8 8 8 8 9 11 13 15 17 20 19 20 22 22 23 23 23 23 23 23 24 26 31 32 34 37 39 41 43 44 46 48 48 49 49 49 50 51 51 51 51 51 52 53 56 56 57 58 58 59 61 63 
0 0 1 3 4 8 8 9 10 10 13 15 16 18 20 20 21 21 23 23 23 23 23 23 23 23 23 24 25 26 27 29 29 30 30 31 31 31 34 34 33 33 35 34 36 36 38 39 41 43 45 45 48 49 51 52 53 54 54 59 60 61 62 64 
0 1 1 2 4 4 4 5 6 7 6 8 8 8 8 8 9 11 13 15 17 20 19 20 22 22 23 23 23 23 23 23 24 26 31 32 34 37 39 41 43 44 46 48 48 49 49 49 50 51 51 51 51 51 52 53 56 56 57 58 58 59 61 
0 0 1 3 4 8 8 9 10 10 13 15 16 18 20 20 21 21 23 23 23 23 23 23 23 23 23 24 25 26 27 29 29 30 30 31 31 31 34 34 33 33 35 34 36 36 38 39 41 43 45 45 48 49 51 52 53 54 54 59 60 61 62 
0 1 1 2 4 4 4 5 6 7 6 8 8 8 8 8 9 11 13 15 17 20 19 20 22 22 23 23 23 23 23 23 24 26 31 32 34 37 39 41 43 44 46 48 48 49 49 49 50 51 51 51 51 51 52 53 56 56 57 58 58 59 61 63 64 
0 0 1 3 4 8 8 9 10 10 13 15 16 18 20 20 21 21 23 23 23 23 23 23 23 23 23 24 25 26 27 29 29 30 30 31 31 31 34 34 33 33 35 34 36 36 38 39 41 43 45 45 48 49 51 52 53 54 54 59 60 61 62 64 64 
